    1
    2
    5
    9
    14
    21
    24
    25
    28
    29
    32
    39
    42
    49
    56
    64
    75
    87
    220
    223
    235
    237
    240
    243
    255
    257
    268
    271
    284
    287
    307
    309
    331
    333
    1078
    1080
    1083
    1085
    1108
    1110
    1112
    1113
    1118
    1120
    1123
    1125
    1148
    1150
    1152
    1153
    1174
    1176
    1179
    1181
    1206
    1208
    1211
    1213
    1252
    1254
    1256
    1257
    1300
    1302
    1304
    1305
