  286
  327
  369
  412
  458
  507
  559
  560
  561
  613
  614
  662
  663
  664
  665
  666
  667
  668
  717
  718
  768
  769
  820
  821
  873
  874
  927
  928
  929
  930
  931
  932
  933
  934
  935
  936
  937
  938
  939
  982
  983
  1027
  1028
  1073
  1074
  1120
  1121
  1168
  1169
  1217
  1218
  1247
  1248
  1273
  1274
  1295
  1296
  1313
  1314
  1327
  1328
  1337
  1338
  1343
  1344
  1345
    1
    4
    5
    11
    12
    21
    22
    34
    35
    50
    51
    69
    70
    91
    92
    116
    117
    144
    145
    175
    176
    209
    210
    246
    247
    287
    328
    370
    413
    459
    508
    1185
    1186
    1187
    1188
    1189
    1190
    1191
    1192
    1193
    1194
    1195
    1196
    1197
    1198
    1199
    1200
    1216
    1232
    1233
    1260
    1261
    1284
    1285
    1304
    1305
    1320
    1321
    1332
    1333
    1340
    1341
