    1
    4
    5
    11
    12
    21
    22
    34
    35
    50
    51
    69
    70
    91
    92
    116
    117
    144
    145
    175
    176
    209
    210
    246
    247
    287
    328
    370
    413
    459
    508
    1185
    1186
    1187
    1188
    1189
    1190
    1191
    1192
    1193
    1194
    1195
    1196
    1197
    1198
    1199
    1200
    1216
    1232
    1233
    1260
    1261
    1284
    1285
    1304
    1305
    1320
    1321
    1332
    1333
    1340
    1341
