     1
     2
     5
     9
     14
     21
     24
     25
     28
     29
    32
    39
    42
    49
    56
    64
    75
    87
    220
    223
   235
   237
   240
   243
   255
   257
   268
   271
   284
   287
   307
   309
   331
   333
   1078
   1080
   1083
   1085
   1108
   1110
  1112
  1113
  1118
  1120
  1123
  1125
  1148
  1150
  1152
  1153
  1174
  1176
  1179
  1181
  1206
  1208
  1211
  1213
  1252
  1254
  1256
  1257
  1300
  1302
  1304
  1305
  4714
  4716
  4718
  4719
  4723
  4725
  4728
  4729
  4774
  4776
  4778
  4779
  4782
  4783
  4784
  4785
  4794
  4796
  4798
  4799
  4803
  4805
  4808
  4809
  4854
  4856
  4858
  4859
  4862
  4863
  4864
  4865
  4906
  4908
  4910
  4911
  4915
  4917
  4920
  4921
  4970
  4972
  4974
  4975
  4979
  4981
  4984
  4985
  5062
  5064
  5066
  5067
  5070
  5071
  5072
  5073
  5158
  5160
  5162
  5163
  5166
  5167
  5168
  5169
