     4
     8
     13
     22
     23
     26
     34
     37
     44
     47
     52
     60
     69
     81
     225
     227
     230
     233
     245
     247
     250
     253
     260
     263
     276
     279
     295
     297
     319
     321
    1088
    1090
    1092
    1093
    1098
    1100
    1103
    1105
    1128
    1130
  1132
  1133
  1138
  1140
  1143
  1145
  1158
  1160
  1163
  1165
  1190
  1192
  1195
  1197
  1228
  1230
  1232
  1233
  1276
  1278
  1280
  1281
  4734
  4736
  4738
  4739
  4742
  4743
  4744
  4745
  4754
  4756
  4758
  4759
  4763
  4765
  4768
  4769
  4814
  4816
  4818
  4819
  4822
  4823
  4824
  4825
  4834
  4836
  4838
  4839
  4843
  4845
  4848
  4849
  4874
  4876
  4878
  4879
  4883
  4885
  4888
  4889
  4938
  4940
  4942
  4943
  4947
  4949
  4952
  4953
  5014
  5016
  5018
  5019
  5022
  5023
  5024
  5025
  5110
  5112
  5114
  5115
  5118
  5119
  5120
  5121
