  1162
  1244
  1328
  1413
  1499
  1586
  1676
  1769
  1865
  1964
  2066
  2067
  2068
  2170
  2171
  2274
  2275
  2379
  2380
  2485
  2486
  2592
  2593
  2689
  2690
  2691
  2692
  2693
  2694
  2695
  2696
  2697
  2698
  2699
  2700
  2701
  2798
  2799
  2897
  2898
  2997
  2998
  3098
  3099
  3200
  3201
  3303
  3304
  3407
  3408
  3512
  3513
  3618
  3619
  3620
  3621
  3622
  3623
  3624
  3625
  3626
  3627
  3628
  3629
  3630
  3631
  3632
  3633
  3634
  3635
  3636
  3637
  3638
  3639
  3640
  3725
  3726
  3812
  3813
  3900
  3901
  3989
  3990
  4079
  4080
  4170
  4171
  4262
  4263
  4355
  4356
  4449
  4450
  4544
  4545
  4640
  4641
  4737
  4738
  4799
  4800
  4857
  4858
  4911
  4912
  4961
  4962
  5007
  5008
  5049
  5050
  5087
  5088
  5121
  5122
  5151
  5152
  5177
  5178
  5199
  5200
  5217
  5218
  5231
  5232
  5241
  5242
  5247
  5248
  5249
