  1162
  1244
  1328
  1413
  1499
  1586
  1676
  1769
  1865
  1964
  2066
  2067
  2068
  2170
  2171
  2274
  2275
  2379
  2380
  2485
  2486
  2592
  2593
  2689
  2690
  2691
  2692
  2693
  2694
  2695
  2696
  2697
  2698
  2699
  2700
  2701
  2798
  2799
  2897
  2898
  2997
  2998
  3098
  3099
  3200
  3201
  3303
  3304
  3407
  3408
  3512
  3513
  3618
  3619
  3620
  3621
  3622
  3623
  3624
  3625
  3626
  3627
  3628
  3629
  3630
  3631
  3632
  3633
  3634
  3635
  3636
  3637
  3638
  3639
  3640
  3725
  3726
  3812
  3813
  3900
  3901
  3989
  3990
  4079
  4080
  4170
  4171
  4262
  4263
  4355
  4356
  4449
  4450
  4544
  4545
  4640
  4641
  4737
  4738
  4799
  4800
  4857
  4858
  4911
  4912
  4961
  4962
  5007
  5008
  5049
  5050
  5087
  5088
  5121
  5122
  5151
  5152
  5177
  5178
  5199
  5200
  5217
  5218
  5231
  5232
  5241
  5242
  5247
  5248
  5249
     1
     4
     5
     11
     12
     21
     22
     34
     35
     50
    51
    69
    70
    91
    92
    116
    117
    144
    145
    175
   176
   209
   210
   246
   247
   286
   287
   329
   330
   375
   376
   424
   425
   476
   477
   531
   532
   589
   590
   650
   651
   714
   715
   781
   782
   851
   852
   924
   925
   1000
  1001
  1079
  1080
  1161
  1245
  1329
  1414
  1500
  1587
  1677
  1770
  1866
  1965
  4673
  4674
  4675
  4676
  4677
  4678
  4679
  4680
  4681
  4682
  4683
  4684
  4685
  4686
  4687
  4688
  4689
  4690
  4691
  4692
  4693
  4694
  4695
  4696
  4697
  4698
  4699
  4700
  4701
  4702
  4703
  4704
  4736
  4768
  4769
  4828
  4829
  4884
  4885
  4936
  4937
  4984
  4985
  5028
  5029
  5068
  5069
  5104
  5105
  5136
  5137
  5164
  5165
  5188
  5189
  5208
  5209
  5224
  5225
  5236
  5237
  5244
  5245
